#  d/Mpc   "v"/km/s
6.298 365.52
6.466 365.52
13.917 766.49
14.056 766.49
14.251 895.04
14.368 1047.44
12.303 1429.58
12.838 1429.58
11.973 1429.58
12.591 1429.58
19.892 1068.35
22.754 1104.19
19.849 1104.19
21.746 1381.84
15.790 1095.23
18.914 1301.26
18.780 1301.26
19.885 877.11
20.462 877.11
24.220 1390.79
25.385 1390.79
17.682 1375.87
16.774 1375.87
21.306 1375.87
17.486 1375.87
18.450 1375.87
22.424 1375.87
19.374 1539.96
20.210 1539.96
21.294 1369.91
22.009 2094.18
24.001 1462.40
23.855 1462.40
21.534 1972.10
21.037 1972.10
22.175 1510.13
27.171 1614.51
30.981 1802.30
24.294 1781.44
25.748 1781.44
23.958 1781.44
15.108 1647.31
17.169 1647.31
25.739 1897.64
24.987 1897.64
26.136 1897.64
25.351 1897.64
25.864 1650.29
25.970 1650.29
25.216 1650.29
36.661 1695.00
30.036 1638.36
30.887 1644.32
30.505 1644.32
22.027 2391.72
17.449 1775.48
29.464 1769.52
24.612 2424.43
27.282 2171.57
27.004 2171.57
27.404 2171.57
30.581 1826.14
28.895 2100.13
29.074 2100.13
28.932 2100.13
30.589 1995.93
30.899 1995.93
35.974 1984.01
35.123 1984.01
35.549 1984.01
29.048 2156.69
28.631 2156.69
33.499 2296.54
34.670 2296.54
33.090 2296.54
34.549 2353.06
29.563 2391.72
35.093 2391.72
33.937 2391.72
30.574 2587.93
31.148 2329.26
43.599 2263.81
31.685 2314.39
34.284 2314.39
34.286 2376.85
36.870 2570.10
35.253 2308.44
34.749 2424.43
29.597 2510.65
29.872 2510.65
29.065 2510.65
30.195 2778.08
37.042 2498.76
35.984 2546.32
35.178 2546.32
37.506 2882.01
37.608 2882.01
37.932 2882.01
29.014 3068.99
40.148 2977.00
43.490 2977.00
43.840 2977.00
44.164 2977.00
37.641 3134.26
37.029 3134.26
36.012 2855.29
37.946 2855.29
49.110 2685.99
33.466 3131.30
35.045 3131.30
37.650 3131.30
35.594 3107.56
37.967 2920.60
38.837 2920.60
46.087 2748.37
43.760 2748.37
44.798 3107.56
41.733 2923.57
41.043 2858.26
46.945 3128.33
45.091 3128.33
41.409 3125.36
40.679 2962.16
42.844 2962.16
51.249 3101.63
55.131 3688.46
52.727 3688.46
57.837 3267.72
48.082 3267.72
49.455 3267.72
51.467 3543.34
49.481 3481.13
58.906 3797.99
54.336 3706.22
55.351 3404.08
57.581 3753.59
54.492 3635.16
54.910 3635.16
51.534 3715.10
49.909 3715.10
55.433 4188.41
52.682 3889.72
49.536 3889.72
55.138 3898.60
55.782 3898.60
51.258 3641.08
51.072 3641.08
49.917 3972.56
48.819 3972.56
61.388 3836.46
61.853 3836.46
60.170 3836.46
56.694 4049.46
55.949 4049.46
56.045 4049.46
55.887 3913.39
53.573 4052.41
54.097 4268.20
56.888 4167.72
53.331 4167.72
57.287 4185.45
57.908 4238.65
62.771 4126.33
62.951 4126.33
72.580 4489.74
67.471 4489.74
69.806 4489.74
59.628 4215.01
67.306 4474.98
55.493 4336.16
58.938 4226.83
60.107 4232.74
55.537 4472.02
54.614 4472.02
59.167 4309.57
56.457 4253.43
62.493 4380.47
67.888 4312.52
58.134 4173.63
61.434 4412.96
60.093 4412.96
59.025 4489.74
67.517 4448.40
55.915 4548.79
63.113 4528.12
72.774 4516.31
64.288 4657.99
63.073 4675.70
70.502 4442.49
69.986 4563.55
68.490 4563.55
62.125 4563.55
58.942 4563.55
56.387 4734.71
56.830 4734.71
67.321 4480.88
66.001 4480.88
72.395 4578.31
67.075 4542.88
62.044 4843.85
64.109 4843.85
61.918 4628.48
59.344 4628.48
74.390 4696.35
62.917 4814.35
67.059 4696.35
66.017 4696.35
63.089 4575.36
65.192 4864.49
75.122 4814.35
62.102 4743.56
66.895 4669.80
61.316 4793.71
70.639 4702.26
72.632 4855.64
59.249 4846.80
67.073 4852.69
76.894 4893.98
79.383 4893.98
61.173 4761.26
57.712 4787.81
59.233 4787.81
77.747 4967.68
72.603 4988.32
64.253 4973.58
67.968 4938.20
62.699 4929.36
68.064 4929.36
82.105 5044.32
66.316 4902.82
66.564 4902.82
74.635 4994.21
78.485 4994.21
73.266 5035.48
71.555 5079.68
70.149 5079.68
56.091 4893.98
71.932 5271.15
71.618 5271.15
66.359 5106.20
68.690 5194.58
72.413 5153.34
69.473 5153.34
71.006 5168.07
69.322 5168.07
71.105 5244.65
70.067 5321.21
81.996 5362.43
97.183 5694.89
67.981 5321.21
75.880 5335.93
77.646 5715.47
80.709 5715.47
82.310 5497.81
80.604 5497.81
81.872 5647.84
79.704 5412.47
77.532 5412.47
75.475 5462.50
88.416 5803.66
89.803 5803.66
87.802 5450.73
87.093 5450.73
84.866 5912.40
73.279 5509.58
84.860 5783.09
78.329 5865.38
78.109 6032.84
85.440 6032.84
81.586 5718.41
77.975 5718.41
80.708 5718.41
83.436 5718.41
98.110 5553.71
90.078 5991.72
80.593 5991.72
80.408 6129.74
80.212 6129.74
77.578 6129.74
83.546 6291.18
103.928 5885.95
79.879 6050.46
74.903 6115.06
80.220 5977.03
77.326 6167.91
84.300 6191.39
82.796 6191.39
89.860 6071.02
85.215 5938.84
84.196 5915.34
73.452 6209.01
90.033 6543.42
103.366 6364.53
107.621 6364.53
87.463 6484.78
86.593 6484.78
86.893 6484.78
87.909 5871.26
72.443 6461.32
81.154 5985.84
81.891 6241.29
88.087 6396.80
87.592 6346.93
88.236 6346.93
91.635 6707.56
96.258 6654.81
84.209 6502.38
87.107 6549.29
92.786 6528.77
100.002 6634.30
98.374 6792.52
89.515 6408.53
90.239 6408.53
94.451 6689.98
88.111 6563.95
92.166 6563.95
88.462 6572.74
87.955 6915.52
91.630 6915.52
87.585 6467.19
89.242 6467.19
99.578 6678.26
86.386 6678.26
90.894 7056.03
92.108 6599.12
84.611 6593.26
110.544 7015.06
91.515 7032.62
97.754 6698.77
96.502 6698.77
97.031 6962.36
87.769 6886.24
98.753 6865.74
92.659 6704.63
94.089 6777.87
100.276 6587.40
83.120 6801.31
75.191 6801.31
97.057 6897.95
98.090 6897.95
96.753 6897.95
91.559 6859.88
91.559 6859.88
90.512 6842.31
90.677 7123.33
97.600 7254.97
99.616 6757.37
95.585 6757.37
80.222 6906.74
95.791 6581.54
95.106 7173.07
97.516 6836.45
92.793 7097.00
97.486 6804.24
93.182 7266.66
102.385 6985.78
102.454 7214.02
76.519 7214.02
92.310 7170.14
95.068 7167.22
101.488 7167.22
106.059 7254.97
101.161 7181.84
97.083 7094.07
95.570 7094.07
108.707 6959.44
98.103 7149.66
97.944 7330.99
100.995 7330.99
95.332 7330.99
106.023 7094.07
102.495 7257.89
99.978 7257.89
92.778 7257.89
95.532 7184.77
89.328 7184.77
89.519 7126.26
101.607 7120.41
106.850 7374.85
107.669 7556.03
90.518 7345.61
90.991 7345.61
101.262 7146.74
97.984 7345.61
98.810 7398.23
76.064 7234.49
93.673 7401.15
106.919 7401.15
108.347 7401.15
102.846 7310.53
102.874 7310.53
96.809 7538.50
95.087 7383.62
93.446 7383.62
106.309 7640.74
106.823 7465.45
106.156 7325.15
100.399 7377.77
87.532 7669.95
102.976 7512.21
117.341 7474.22
111.568 7646.58
102.457 7646.58
90.348 7646.58
112.460 7745.86
111.164 7684.55
114.142 7684.55
98.492 7631.98
112.324 7678.71
110.306 7702.07
111.347 7702.07
102.837 7958.91
109.378 7818.84
113.022 7810.08
111.216 8055.16
110.198 7789.65
114.120 7853.86
102.560 7853.86
108.148 7853.86
112.531 7818.84
112.057 7868.46
123.897 8046.41
102.555 8034.75
104.500 8034.75
102.494 8034.75
114.254 7915.14
135.923 8189.28
103.403 7996.83
132.727 8157.21
114.944 8125.14
112.557 8355.38
111.069 8203.85
122.771 8367.04
125.642 8367.04
125.741 8367.04
109.985 8259.23
115.415 8375.78
113.837 8375.78
102.113 8212.60
119.029 8078.49
111.315 8078.49
114.840 8078.49
106.478 8282.54
128.175 8361.21
131.830 8215.51
113.852 8722.21
117.451 8448.59
95.000 8294.20
110.446 8358.30
121.140 8483.54
99.765 8407.82
123.234 8495.18
133.900 8404.90
108.546 8422.38
128.258 8553.41
129.433 8553.41
120.808 8492.27
110.262 8829.84
101.490 8527.21
128.582 8556.33
114.739 9004.29
120.232 9013.01
122.706 8567.97
110.301 8998.48
122.387 8669.84
122.895 8824.03
118.719 8666.93
144.385 8748.40
123.355 8794.94
121.343 8794.94
120.914 8794.94
123.242 8931.62
125.312 8864.74
121.129 8841.48
124.216 8780.40
114.559 8757.13
114.074 9146.68
128.477 8870.56
120.284 8800.76
117.602 8879.28
121.700 9129.25
130.680 9254.15
148.368 9068.23
116.966 9068.23
113.329 9068.23
125.924 8896.73
132.042 9169.92
124.420 9169.92
127.100 9242.53
123.837 9129.25
131.827 9312.22
121.817 9268.67
126.599 9268.67
121.168 9268.67
138.213 9558.90
136.367 9558.90
139.151 9558.90
129.261 9076.95
130.597 9169.92
125.340 9625.61
147.579 9216.39
134.017 9094.38
134.345 9094.38
130.708 9094.38
132.972 9094.38
135.384 9669.11
119.710 9460.25
121.455 9318.03
132.236 9364.48
126.333 9442.84
143.718 9474.76
143.817 9474.76
145.396 9390.60
131.678 9390.60
147.233 9408.02
131.488 9573.41
129.851 9573.41
130.241 9573.41
129.475 9932.86
142.352 9837.25
135.279 9474.76
139.994 9474.76
135.703 9585.01
145.965 9585.01
128.564 9770.58
131.520 9570.50
135.360 9570.50
140.906 9834.35
144.169 9706.81
143.302 9706.81
138.612 9756.09
141.747 9857.53
155.029 9776.38
141.685 9796.67
147.108 9758.99
137.115 10112.42
147.721 9880.71
149.019 9880.71
138.525 10497.21
141.228 10404.68
151.616 9932.86
135.550 10254.25
143.469 10048.72
147.247 9877.82
145.015 10286.08
145.710 10523.23
139.910 9929.97
140.078 9929.97
141.923 10300.54
143.711 10150.05
152.435 10361.29
170.484 10430.71
150.280 10294.76
164.430 10294.76
148.351 10494.32
124.553 10312.11
152.354 10575.26
143.415 10436.49
166.545 10604.16
153.263 10531.90
147.945 10722.63
144.937 10722.63
158.153 10959.42
139.840 10687.96
147.996 10687.96
157.933 10644.62
158.640 10754.41
150.459 10572.37
156.296 10731.30
153.415 10676.41
152.429 10676.41
144.094 10566.59
151.351 10898.80
149.375 10711.08
178.272 10748.63
169.092 10748.63
153.188 11063.31
157.333 10806.40
159.312 10716.85
145.495 10979.62
143.360 10979.62
160.940 11146.97
193.866 11066.19
169.160 11579.30
171.910 11025.80
153.517 11276.74
154.479 11268.09
153.464 11380.51
167.125 11175.81
168.177 11544.74
173.693 11740.54
196.400 11438.15
153.548 11795.22
158.221 11795.22
151.856 11680.08
161.433 11913.18
184.017 11881.54
155.208 11829.75
176.109 11921.81
197.193 11818.24
167.424 12556.77
192.349 12439.08
174.043 12393.14
146.110 12473.53
170.940 12125.96
167.434 12125.96
166.810 12513.72
170.238 12476.41
184.034 12694.49
167.710 12542.42
173.564 12542.42
171.087 12875.14
176.867 12634.25
195.282 12912.40
173.633 12892.34
195.453 13216.05
192.186 12803.47
187.275 12984.05
208.201 12995.51
186.937 13193.14
187.750 13175.96
192.168 13175.96
163.122 13153.05
180.676 13327.68
171.032 13550.81
194.222 13507.91
176.057 13304.78
191.331 13682.32
188.121 13673.74
188.715 13736.61
189.333 13736.61
214.500 13942.28
196.331 13693.75
199.569 13856.61
198.926 13953.70
196.002 13987.96
190.219 13979.40
179.653 13979.40
175.963 14236.23
203.085 14156.35
198.919 14666.59
187.526 14318.94
197.546 14410.17
202.662 14669.44
187.624 14478.57
196.225 14558.35
224.119 14609.63
193.688 14455.77
186.791 14529.86
193.986 14794.72
208.563 14817.49
223.507 14601.09
226.108 15010.97
180.551 15173.04
197.410 15084.91
215.466 15036.56
224.612 15275.35
193.425 15275.35
221.863 15266.83
229.282 15525.29
215.151 15377.62
222.376 15442.95
223.654 15891.25
220.585 15837.38
223.064 15993.29
201.971 16117.96
223.982 16072.63
217.945 16435.03
228.064 16483.12
242.056 16511.41
236.738 16406.73
245.328 16545.35
235.558 16771.50
230.228 16771.50
232.698 16624.52
235.181 16989.00
253.841 16989.00
171.785 17262.74
240.309 17671.42
255.142 17815.01
258.620 17815.01
252.394 17637.62
232.477 17775.60
233.367 17775.60
244.936 17848.78
277.665 18489.71
238.189 18627.25
244.786 18568.31
245.319 18812.39
278.337 19143.09
253.846 19280.29
286.076 19478.97
262.174 19501.34
295.325 19576.85
262.351 19808.83
285.266 19995.94
267.499 20001.53
268.651 20464.54
268.982 20330.74
266.687 20330.74
292.529 20380.92
292.710 20567.63
289.201 20442.24
328.238 20422.73
278.327 20458.96
276.233 20514.69
262.961 20667.89
283.905 20626.12
303.524 20790.39
313.474 20798.74
311.814 21090.81
301.789 21360.34
285.496 21582.43
287.571 21551.90
290.999 21615.72
303.216 21615.72
339.919 21682.30
300.396 21723.91
312.753 21801.55
303.012 22626.46
341.624 22565.65
371.761 22609.88
385.500 22609.88
306.806 22665.15
334.099 22725.94
297.149 22753.56
306.742 22933.06
316.111 23093.11
323.824 23415.69
338.476 23636.02
316.980 23729.60
366.626 23803.90
362.099 24034.89
340.811 24523.69
341.685 24830.78
330.080 25356.35
352.009 25812.60
369.565 25951.78
392.548 26265.32
403.611 26545.81
442.867 28400.63
414.655 28870.28
435.886 29126.33
405.430 29110.17
392.403 29290.60
420.760 29398.26
397.012 29433.24
439.134 29793.51
405.803 30204.22
445.036 30327.57
438.304 30354.38
514.947 30445.50
452.202 30507.12
432.276 30665.12
431.960 30868.50
466.384 31141.20
476.439 31821.61
427.338 32146.47
457.496 32845.32
476.694 32863.89
463.796 33144.96
471.445 33224.46
431.231 33293.33
461.143 33507.76
467.706 33809.23
511.846 33941.34
475.863 34007.37
466.601 34331.96
470.280 34379.42
486.214 34521.75
466.604 34629.77
470.718 34716.67
512.370 34769.32
517.865 34787.75
477.972 34824.60
520.350 34843.02
502.737 35029.78
598.447 35258.44
444.172 35431.76
513.597 35641.67
484.261 35657.41
497.321 35686.25
506.797 35715.10
499.167 36197.05
519.219 36207.52
517.362 36272.92
519.675 36301.70
509.019 36858.15
504.323 37160.65
513.928 37369.04
517.901 37379.45
620.106 37665.68
576.037 37798.27
549.598 38019.09
517.570 38125.52
557.429 38247.47
545.224 38270.82
652.152 38356.40
525.964 38568.92
541.813 38587.05
560.204 38602.59
564.609 38628.49
554.087 38716.53
566.179 38706.18
559.128 38952.00
600.245 39238.91
630.195 39275.07
563.409 39337.05
585.300 39368.03
564.043 39860.61
699.682 39922.43
581.416 39945.61
571.136 40058.90
555.566 40115.52
590.785 40431.83
599.604 40665.58
591.839 40747.72
553.811 40965.76
541.710 40934.99
584.808 41011.91
592.135 41006.78
610.538 41147.73
559.408 41096.48
555.605 41165.66
591.382 41327.00
577.661 41431.93
575.872 41720.90
592.638 41800.11
559.938 42103.92
635.413 42323.23
604.861 42404.78
572.699 42437.90
615.682 42458.28
646.850 42493.94
601.124 42885.85
620.846 42926.52
656.493 42949.40
538.463 43134.89
600.592 43294.84
564.975 43761.37
662.574 43933.54
531.979 43974.04
567.473 44006.93
554.713 44194.08
604.360 44148.57
597.788 44262.33
661.018 44285.08
600.561 44322.98
626.846 44509.87
630.607 44726.88
617.089 45072.14
611.803 45258.42
630.524 45318.80
627.186 45376.64
679.341 45665.67
588.383 45670.69
613.245 46227.56
684.157 46522.99
735.161 46585.54
670.728 46758.06
691.490 47027.83
665.726 47075.26
678.185 47282.31
608.581 47369.57
751.672 47389.51
642.786 47471.74
689.527 47576.35
631.451 47583.82
708.133 47641.09
699.861 47683.40
626.114 47695.85
678.074 47760.55
693.669 47750.60
671.751 47753.08
756.319 47889.89
680.257 48314.71
677.852 48421.40
667.631 48500.77
626.396 48599.94
721.886 48627.21
835.778 48773.38
718.990 48899.66
761.975 48914.51
684.742 48964.01
689.388 49060.50
689.682 49070.39
703.777 49119.85
846.710 49147.05
633.493 49263.23
673.908 49317.59
743.366 49329.95
717.285 49337.36
709.376 49347.24
711.351 49369.47
723.287 49512.69
668.383 49475.66
640.669 49537.37
699.248 49673.07
679.992 49705.14
732.858 49707.60
764.970 49771.72
702.668 50023.05
728.972 50116.62
753.592 50099.38
768.940 50128.92
820.667 50266.72
766.144 50264.26
720.044 50325.75
706.232 50360.18
749.913 50384.77
713.211 50406.89
683.590 50421.64
765.213 50497.83
753.197 50775.34
757.492 50929.90
748.514 51143.15
649.423 51365.99
770.236 51368.44
816.325 51476.10
897.270 51422.28
746.388 51461.43
753.524 51520.13
741.737 51578.82
795.353 51652.16
728.112 51693.71
809.065 51703.49
763.250 52598.47
791.873 52659.31
889.956 52931.62
732.232 52985.07
801.852 52968.06
820.412 52982.64
737.941 53096.78
753.649 53118.63
776.517 53130.77
795.649 53150.19
762.425 53380.67
725.190 53397.64
660.684 53543.06
746.036 53579.40
792.627 53613.32
968.939 53688.39
792.402 53722.28
792.711 53729.54
842.422 53799.74
778.391 53954.56
718.269 53935.21
794.830 53956.98
720.003 54210.74
826.671 54225.23
748.154 54239.72
779.500 54396.64
697.779 54582.37
829.740 54633.00
771.454 54707.72
818.211 54804.08
787.270 54818.53
803.914 54828.17
806.030 54840.21
794.894 54948.55
785.885 55155.45
772.071 55196.32
895.734 55302.08
760.950 55383.76
799.459 55743.76
957.995 55832.46
856.246 55875.60
730.805 56060.05
781.491 56098.35
867.784 56119.90
777.156 56122.29
782.822 56139.04
768.601 56313.69
884.675 56471.47
642.676 56519.26
812.082 56633.90
755.295 56662.55
808.909 56700.75
881.096 56791.44
813.131 56846.31
792.990 56908.32
801.544 56975.08
832.453 57272.86
827.236 57306.18
782.208 57377.57
830.254 57517.91
779.623 57681.91
1019.054 57686.66
912.532 57812.54
758.468 58019.01
847.700 58068.81
857.890 58075.93
876.004 58199.20
818.956 58322.41
908.870 58481.04
875.736 58566.23
896.499 58568.59
870.728 58573.32
831.699 58570.96
821.870 58705.76
862.644 58686.84
843.382 58797.94
853.882 58762.49
915.094 58783.76
791.011 58852.29
893.232 58970.38
849.874 59003.43
835.523 59173.34
841.199 59173.34
894.997 59211.08
950.079 59517.45
876.333 59630.45
823.293 59719.87
866.758 59903.29
796.192 59903.29
859.900 59976.15
873.976 60140.56
867.608 60098.29
888.907 60102.99
810.850 60166.38
976.419 60328.30
852.130 60520.55
902.611 60736.03
876.384 60846.03
901.505 60995.72
865.429 61112.59
862.450 61203.70
935.792 61292.43
839.850 61343.79
852.727 61364.79
931.026 61383.46
939.903 61448.79
890.770 61539.75
845.262 61588.71
891.758 61684.27
751.564 61817.04
883.039 62019.53
981.232 62038.14
880.059 62077.68
864.036 62077.68
884.425 62296.17
920.693 62286.88
870.949 62314.76
872.740 62372.82
901.367 62454.08
963.776 62655.94
913.123 62699.99
1002.941 62709.27
854.146 62750.99
897.980 62781.12
896.379 62843.69
1134.508 62899.29
898.884 62994.23
772.537 63405.90
856.406 63445.17
962.730 63521.38
969.720 63678.34
937.621 63756.77
851.771 63865.14
871.866 63860.53
1043.888 63989.58
977.202 64127.75
1047.877 64136.96
903.219 64240.52
1030.352 64298.03
921.048 64445.19
883.759 64516.43
851.665 64546.30
936.615 64656.54
1009.087 64690.97
946.967 64752.95
979.181 64879.13
941.733 64902.06
954.889 64977.72
913.928 64991.47
960.398 65005.23
878.598 65124.38
879.556 65431.08
1004.288 65460.82
975.300 65460.82
947.868 65467.68
930.510 65472.25
974.758 65540.84
926.363 65577.41
1091.153 65719.05
917.073 65746.46
958.253 65748.74
1052.873 65817.23
951.354 65826.36
968.023 65876.57
1039.445 65892.55
918.522 65926.77
955.614 65983.80
991.715 66243.63
987.808 66371.14
962.821 66375.70
945.678 66534.97
809.008 66594.10
983.203 66705.48
1071.897 67184.38
1030.005 67193.45
945.157 67229.71
1002.817 67336.20
1037.796 67447.16
998.632 67451.69
1052.489 67535.44
1013.723 67625.93
984.957 67732.21
1004.915 67750.29
1019.287 67876.83
906.832 67870.06
966.124 67879.09
1010.680 67931.04
973.168 67973.94
1000.262 68192.83
1051.703 68271.75
974.051 68370.91
961.057 68418.23
1087.806 68443.00
1084.605 68443.00
949.418 68452.01
1090.771 68467.78
1104.855 68499.31
1417.265 68731.10
1062.492 68773.83
951.419 68861.50
1023.453 68942.40
909.915 68946.89
1059.522 68967.11
999.346 68989.57
1002.536 69117.55
1077.600 69092.86
1045.705 69359.82
917.336 69373.27
902.582 69492.04
1015.145 69621.93
997.611 69861.33
975.724 69883.69
1029.223 69986.51
972.246 69982.04
1040.855 70051.30
1055.445 70334.79
995.273 70343.71
997.292 70421.76
985.475 70510.92
1021.634 70608.95
1008.303 70911.63
976.012 71078.35
1103.216 71309.29
1121.585 71457.92
1000.420 71451.27
1063.795 71597.58
1069.214 71697.27
1158.881 71779.19
1040.666 72018.14
1194.713 72062.35
1080.906 72371.58
986.229 72495.13
1014.178 72510.56
1061.412 72647.24
1039.576 72808.05
1027.635 72975.32
1098.303 73102.87
1055.800 73272.08
1014.266 73408.22
999.846 73498.19
1070.779 73493.80
1299.885 73568.38
1076.113 73741.55
1059.343 73807.27
1043.166 73978.04
1009.634 74126.78
995.053 74177.07
1162.168 74214.23
1075.385 74308.18
1095.888 74371.52
1094.206 74388.99
1198.030 74474.13
1092.297 74491.59
1059.304 74504.68
1071.891 74511.23
1215.827 74626.85
1089.600 74733.67
1084.868 74727.13
1113.036 74809.94
967.891 74979.80
1098.654 75164.73
1101.145 75136.45
1093.479 75184.30
940.352 75184.30
1037.910 75256.03
1065.670 75266.90
1090.507 75340.78
1131.857 75364.68
1147.150 75501.47
1096.841 75809.45
1235.043 75965.41
1222.518 75982.73
1219.058 76119.08
1044.761 76214.24
1089.441 76222.89
1382.563 76557.73
1040.770 76564.21
1175.793 76656.99
1226.236 76732.48
1231.668 76784.22
1078.873 76760.51
1209.966 76913.52
1153.143 76945.83
1319.399 77066.40
1140.922 77221.31
1280.283 77201.95
1156.349 77444.84
1119.822 77535.03
1172.211 77627.33
1260.189 77659.51
1067.913 77749.60
1061.156 77747.46
1237.892 77925.36
1160.983 77923.22
1006.483 78013.18
1162.482 78026.03
1216.297 78081.69
1183.541 78118.08
1156.380 78274.25
1305.662 78331.97
1189.034 78393.95
1329.645 78624.60
1185.712 78660.88
1208.380 78786.73
1236.547 78859.22
1197.018 78891.19
1220.312 78910.37
1063.844 78944.46
1015.141 79131.85
1207.238 79153.13
1235.019 79204.20
1215.304 79363.69
1229.294 79433.82
1180.709 79455.07
1183.570 79576.13
1227.197 79588.87
1015.432 79590.99
1218.087 79650.43
1210.529 79665.28
1219.104 79841.34
1277.260 79983.32
1216.104 80091.33
1142.311 80120.97
1322.757 80264.86
1167.894 80275.43
1319.111 80340.98
1244.324 80678.95
1246.066 80725.37
1213.450 80763.34
1402.349 80818.17
1282.266 80932.01
1144.462 80929.90
1334.853 81344.57
1174.989 81357.19
1310.663 81384.52
1057.164 81607.20
1125.337 81607.20
1132.929 81607.20
1161.115 81714.24
1235.705 82110.36
1327.790 82279.86
1349.336 82311.23
1289.243 82353.05
1222.095 82359.33
1223.107 82461.74
1193.608 82820.77
1374.951 82893.74
1402.419 82912.50
1157.341 82922.92
1232.801 82979.18
1249.134 82956.26
1153.787 82958.34
1223.946 83062.50
1440.634 83106.22
1330.928 83131.20
1249.968 83166.59
1109.372 83218.61
1324.612 83364.20
1286.683 83349.64
1287.534 83357.96
1281.171 83416.16
1188.741 83416.16
1196.194 83445.26
1206.885 83569.89
1325.566 83534.59
1247.046 83571.97
1198.241 83621.80
1176.970 83748.38
1384.148 83852.07
1189.864 83982.64
1208.696 83982.64
1255.444 84160.71
1201.078 84266.23
1200.374 84313.80
1205.949 84623.70
1280.147 84807.31
1190.425 84780.50
1268.342 84809.38
1271.595 84865.04
1266.085 84957.78
1247.379 85011.34
1214.282 85112.23
1280.766 85422.78
1214.349 85502.90
1217.273 85525.50
1302.462 85679.45
1358.519 86236.66
1348.091 86240.75
1312.217 86300.05
1293.558 86439.03
1371.937 86535.02
1425.403 86722.76
1241.937 86759.47
1394.756 87101.71
1318.170 87156.65
1337.612 87195.31
1253.267 87199.37
1289.734 87252.25
1177.076 87274.62
1396.136 87272.58
1259.913 87264.45
1469.821 87274.62
1279.239 87396.56
1307.055 87496.09
1318.337 87538.72
1462.586 87680.77
1367.807 87678.74
1385.627 88094.06
1448.486 88429.64
1376.213 88913.66
1373.754 88961.98
1304.532 89046.52
1249.093 89096.82
1251.461 89183.31
1430.112 89175.26
1415.416 89279.80
1270.121 89392.30
1208.391 89428.44
1421.551 89544.86
1228.006 89659.19
1302.067 89927.67
1374.742 90035.74
1436.865 90365.55
1235.117 90608.99
1291.031 90678.76
1276.367 90792.34
1307.728 90941.66
1438.542 90963.55
1490.576 91068.98
1433.234 91104.77
1423.612 91283.61
1279.536 91333.26
1377.594 91402.73
1374.904 91495.99
1379.678 91480.12
1552.507 91470.20
1311.328 91484.09
1194.185 91484.09
1396.252 91551.52
1347.803 91662.53
1379.153 91696.21
1407.940 91676.40
1331.828 92074.20
1433.412 92222.40
1393.912 92719.37
1357.429 92955.51
1399.539 93075.42
1316.270 93324.79
1390.707 93330.68
1419.833 93454.24
1412.797 93515.01
1414.780 93609.05
1567.176 93665.85
1485.503 93693.26
1360.990 93841.98
1357.651 93908.47
1453.861 94123.41
1454.104 94513.49
1360.867 94675.10
1476.230 94787.94
1526.645 94859.89
1361.261 95081.36
1465.340 95207.50
1415.818 95809.72
1409.057 96292.22
1278.232 96650.28
1571.880 97126.48
1419.329 97321.93
1409.661 97635.70
1453.937 97777.08
1499.524 97920.24
1539.593 98097.59
1317.863 98131.89
1615.543 98274.74
1549.339 98466.91
1552.848 98945.40
1581.813 98966.25
1556.775 98996.58
1536.824 99034.48
1539.984 99125.41
1523.456 99350.61
1648.457 99382.76
1632.800 99422.46
1613.790 99622.71
1565.455 100387.38
1484.594 100762.73
1531.775 100880.78
1380.393 100888.27
1663.673 100946.32
1612.376 100935.09
1366.472 101011.84
1638.661 101067.98
1482.506 101185.80
1559.738 101176.45
1425.028 101389.45
1501.838 101475.31
1523.674 101469.71
1464.628 101680.45
1639.478 101669.27
1555.229 101749.39
1570.343 101859.27
1537.362 102065.77
1571.226 102125.25
1615.138 102301.70
1631.377 102310.98
1997.379 102477.96
1665.613 102628.08
1492.328 102670.68
1622.942 102683.65
1694.900 102816.93
1628.188 102902.02
1583.972 103776.13
1444.757 103880.92
1752.447 104117.81
1470.303 104286.53
1654.701 104303.03
1366.377 104502.67
1498.409 104502.67
1611.019 104581.36
1860.568 104723.99
1474.822 104824.49
1505.335 104997.92
1626.883 105165.69
1665.912 105180.27
1581.718 105387.88
1591.699 105417.00
1623.317 106092.41
1644.453 106334.98
1723.628 106345.84
1470.186 106642.17
1674.760 106714.36
1432.076 106838.81
1724.194 106838.81
1518.476 106813.57
1726.413 106936.13
1572.881 107134.19
1640.038 107159.38
1565.696 107367.93
1636.751 107394.87
1696.642 108111.70
1721.486 108427.81
1732.191 108504.51
1705.938 108607.90
2005.509 109469.69
1751.009 109503.35
1689.723 109821.86
1533.407 109892.55
1886.199 110173.21
1718.756 110204.95
1690.989 110404.05
1736.137 110449.83
1654.231 111110.21
1886.801 111497.00
1598.842 111758.95
1706.204 111767.67
1617.771 111823.49
1699.785 111955.98
1676.834 111982.11
1951.357 112156.23
1753.883 113386.54
1913.186 114015.03
1744.922 114452.51
1795.744 114553.54
1743.772 114574.08
1778.406 114856.22
1884.072 115429.05
1765.827 115457.98
1800.157 115774.05
1726.515 115774.05
1789.456 115814.78
1786.056 115830.05
1729.740 116319.58
1749.790 116351.71
1857.807 116518.98
1862.774 116554.44
1680.389 116689.43
1737.424 117007.85
1707.784 117144.10
1987.101 117291.97
1867.547 117635.86
1840.576 117727.98
1926.811 117794.94
1728.235 118201.04
1809.218 118464.47
1798.797 118469.47
1849.606 118576.03
1889.604 118604.32
1937.696 119130.84
1788.607 119323.02
1780.117 119686.78
1709.353 120079.24
1878.200 120224.07
1552.710 120473.88
2075.824 120496.87
2089.472 120516.57
1625.876 120695.38
1836.382 120778.96
1766.932 120942.71
1748.804 121034.32
1896.274 121196.13
1804.476 121271.26
1902.818 121867.51
1853.738 122103.02
2079.913 122208.47
2106.780 122832.98
1639.983 123303.53
1753.428 123390.37
1882.337 123591.19
1923.718 123623.29
1957.104 123650.57
1768.888 123990.32
2025.839 124182.26
1679.267 124196.65
1973.705 124812.15
2258.622 124971.15
1848.092 124971.15
1841.328 125445.45
2120.625 125586.31
1958.970 125606.87
1924.019 125867.58
2010.481 125850.21
1927.779 125851.79
2009.162 125921.24
1788.810 126563.48
1741.257 127583.43
2093.103 127658.21
1995.993 127698.70
1938.812 127779.64
2143.164 127904.07
1928.827 128040.80
1959.159 128031.48
1936.987 128112.22
2032.366 128126.19
1905.091 128242.54
2069.084 128399.06
2199.694 128419.19
2035.615 128760.97
2290.458 128813.48
1975.210 128886.02
2138.422 128886.02
1924.306 128896.82
2193.640 129194.27
2109.436 129429.59
1992.370 129652.22
2002.841 129889.78
1942.051 130128.45
2079.875 131460.53
2221.855 131595.10
2213.367 131863.83
2076.636 132304.95
2049.858 132614.18
1901.682 132695.12
2075.376 132684.63
2141.555 132855.35
2121.883 132970.53
2364.923 133061.70
2152.351 133130.41
2154.451 133726.32
2158.322 134168.46
2135.996 134276.54
2196.126 134344.59
2138.337 134455.47
2031.708 134640.06
2092.306 135133.42
2020.929 135427.04
2090.563 135936.30
1776.352 136108.52
2275.509 136158.09
2023.994 136404.22
1957.596 136954.43
2282.762 136977.61
2077.328 137029.74
2195.792 137091.97
2204.579 137193.21
2260.338 137559.89
1805.216 137725.54
2208.174 137810.45
2212.463 137809.01
2223.004 138383.08
2459.584 138501.87
2135.880 138526.19
2181.277 138670.55
2372.524 140433.35
2252.383 140793.25
2458.411 141635.34
2632.167 142609.90
2196.377 143200.18
2558.988 143433.82
2380.544 143642.34
2163.691 144121.07
2202.801 144216.58
2405.222 144216.58
2263.634 144391.03
2262.257 144732.37
2312.689 145274.28
2309.093 145409.37
2279.322 145544.30
2418.721 145544.30
2465.257 145567.22
2468.873 145653.48
2253.137 145743.71
2446.907 145812.34
2229.914 145922.61
2386.193 145923.96
2314.469 147746.87
2185.685 148145.72
2496.477 148270.89
2283.297 148273.53
2492.750 148338.04
2363.102 148409.09
2393.374 149195.55
2312.806 149326.10
2308.357 149448.68
2216.378 149645.30
2497.612 149841.59
2280.059 150099.75
2540.685 150148.98
2578.921 150279.72
2492.788 150358.61
2477.110 150410.31
2283.916 150495.56
2852.377 151182.95
2372.902 151268.90
2463.431 151649.09
2260.807 151709.14
2213.632 152087.83
2469.282 152115.83
2172.867 152288.76
2535.737 153345.84
2331.616 153553.28
2452.228 153602.25
2400.464 153666.26
2514.709 154168.24
2737.422 154293.06
2662.577 154303.04
2913.978 154351.68
2576.027 154542.27
2486.286 154633.09
2646.255 155098.44
2278.497 155867.12
2561.285 156937.50
2655.324 157057.93
2439.042 157087.11
2118.743 157967.08
2702.902 158210.29
2554.147 163044.74
2374.028 163044.74
2851.524 164752.65
2628.853 173489.75
3363.722 177368.82
3310.048 181053.20
3546.759 181754.45
3080.311 181849.21
3983.389 182503.07
3742.913 184378.52
3644.098 190737.46
3276.431 199575.20
4281.043 199848.38
4085.624 204407.57
3816.057 204755.55
4375.806 204894.24
3918.715 205376.74
4052.378 206468.27
3814.447 207263.25
3455.609 207955.53
3887.642 208269.64
3804.588 210524.54
3224.240 212115.31
4099.229 219490.13
4489.780 219821.72
4115.570 223296.96
4230.345 227325.58
4466.526 232013.78
4173.768 236527.85
5286.512 248264.36
